1 2 7
1 3 12
1 4 6
1 5 11
1 6 10
1 7 18
1 8 20
1 9 12
1 10 13
1 11 19
1 12 14
1 13 20
1 14 5
1 15 15
1 16 18
1 17 20
1 18 5
1 19 15
1 20 7
2 1 7
2 3 7
2 4 19
2 5 11
2 6 11
2 7 6
2 8 7
2 9 19
2 10 8
2 11 20
2 12 8
2 13 8
2 14 15
2 15 15
2 16 11
2 17 6
2 18 13
2 19 5
2 20 6
3 1 12
3 2 7
3 4 20
3 5 5
3 6 18
3 7 19
3 8 10
3 9 8
3 10 11
3 11 8
3 12 11
3 13 14
3 14 7
3 15 7
3 16 6
3 17 7
3 18 11
3 19 13
3 20 12
4 1 6
4 2 19
4 3 20
4 5 6
4 6 9
4 7 8
4 8 7
4 9 11
4 10 20
4 11 6
4 12 20
4 13 16
4 14 6
4 15 16
4 16 18
4 17 18
4 18 9
4 19 8
4 20 16
5 1 11
5 2 11
5 3 5
5 4 6
5 6 10
5 7 10
5 8 15
5 9 6
5 10 18
5 11 10
5 12 8
5 13 6
5 14 18
5 15 10
5 16 6
5 17 7
5 18 9
5 19 8
5 20 19
6 1 10
6 2 11
6 3 18
6 4 9
6 5 10
6 7 12
6 8 16
6 9 16
6 10 6
6 11 10
6 12 20
6 13 5
6 14 15
6 15 5
6 16 16
6 17 16
6 18 13
6 19 19
6 20 5
7 1 18
7 2 6
7 3 19
7 4 8
7 5 10
7 6 12
7 8 18
7 9 20
7 10 15
7 11 18
7 12 15
7 13 19
7 14 12
7 15 12
7 16 10
7 17 12
7 18 14
7 19 10
7 20 6
8 1 20
8 2 7
8 3 10
8 4 7
8 5 15
8 6 16
8 7 18
8 9 10
8 10 16
8 11 12
8 12 10
8 13 15
8 14 12
8 15 13
8 16 18
8 17 8
8 18 8
8 19 6
8 20 19
9 1 12
9 2 19
9 3 8
9 4 11
9 5 6
9 6 16
9 7 20
9 8 10
9 10 12
9 11 17
9 12 20
9 13 14
9 14 16
9 15 14
9 16 12
9 17 10
9 18 8
9 19 19
9 20 17
10 1 13
10 2 8
10 3 11
10 4 20
10 5 18
10 6 6
10 7 15
10 8 16
10 9 12
10 11 18
10 12 19
10 13 16
10 14 7
10 15 8
10 16 19
10 17 17
10 18 15
10 19 18
10 20 19
11 1 19
11 2 20
11 3 8
11 4 6
11 5 10
11 6 10
11 7 18
11 8 12
11 9 17
11 10 18
11 12 17
11 13 17
11 14 14
11 15 14
11 16 14
11 17 7
11 18 12
11 19 8
11 20 19
12 1 14
12 2 8
12 3 11
12 4 20
12 5 8
12 6 20
12 7 15
12 8 10
12 9 20
12 10 19
12 11 17
12 13 19
12 14 12
12 15 9
12 16 15
12 17 19
12 18 18
12 19 17
12 20 12
13 1 20
13 2 8
13 3 14
13 4 16
13 5 6
13 6 5
13 7 19
13 8 15
13 9 14
13 10 16
13 11 17
13 12 19
13 14 5
13 15 19
13 16 18
13 17 17
13 18 11
13 19 6
13 20 16
14 1 5
14 2 15
14 3 7
14 4 6
14 5 18
14 6 15
14 7 12
14 8 12
14 9 16
14 10 7
14 11 14
14 12 12
14 13 5
14 15 7
14 16 19
14 17 9
14 18 11
14 19 8
14 20 7
15 1 15
15 2 15
15 3 7
15 4 16
15 5 10
15 6 5
15 7 12
15 8 13
15 9 14
15 10 8
15 11 14
15 12 9
15 13 19
15 14 7
15 16 19
15 17 17
15 18 10
15 19 9
15 20 6
16 1 18
16 2 11
16 3 6
16 4 18
16 5 6
16 6 16
16 7 10
16 8 18
16 9 12
16 10 19
16 11 14
16 12 15
16 13 18
16 14 19
16 15 19
16 17 13
16 18 10
16 19 7
16 20 8
17 1 20
17 2 6
17 3 7
17 4 18
17 5 7
17 6 16
17 7 12
17 8 8
17 9 10
17 10 17
17 11 7
17 12 19
17 13 17
17 14 9
17 15 17
17 16 13
17 18 10
17 19 6
17 20 16
18 1 5
18 2 13
18 3 11
18 4 9
18 5 9
18 6 13
18 7 14
18 8 8
18 9 8
18 10 15
18 11 12
18 12 18
18 13 11
18 14 11
18 15 10
18 16 10
18 17 10
18 19 5
18 20 10
19 1 15
19 2 5
19 3 13
19 4 8
19 5 8
19 6 19
19 7 10
19 8 6
19 9 19
19 10 18
19 11 8
19 12 17
19 13 6
19 14 8
19 15 9
19 16 7
19 17 6
19 18 5
19 20 12
20 1 7
20 2 6
20 3 12
20 4 16
20 5 19
20 6 5
20 7 6
20 8 19
20 9 17
20 10 19
20 11 19
20 12 12
20 13 16
20 14 7
20 15 6
20 16 8
20 17 16
20 18 10
20 19 12