1 2 16
1 3 15
1 4 15
1 5 7
1 6 17
1 7 9
1 8 14
1 9 14
1 10 19
1 11 17
1 12 6
1 13 9
1 14 12
1 15 7
1 16 8
1 17 14
1 18 18
1 19 20
1 20 15
1 21 12
1 22 5
1 23 7
1 24 6
1 25 11
2 1 16
2 3 9
2 4 7
2 5 13
2 6 7
2 7 10
2 8 13
2 9 13
2 10 15
2 11 11
2 12 12
2 13 16
2 14 8
2 15 10
2 16 5
2 17 20
2 18 12
2 19 17
2 20 13
2 21 13
2 22 7
2 23 5
2 24 12
2 25 16
3 1 15
3 2 9
3 4 7
3 5 20
3 6 13
3 7 11
3 8 20
3 9 10
3 10 19
3 11 12
3 12 16
3 13 9
3 14 9
3 15 5
3 16 16
3 17 16
3 18 15
3 19 18
3 20 19
3 21 13
3 22 11
3 23 17
3 24 15
3 25 8
4 1 15
4 2 7
4 3 7
4 5 16
4 6 6
4 7 15
4 8 14
4 9 14
4 10 11
4 11 12
4 12 5
4 13 8
4 14 9
4 15 8
4 16 6
4 17 18
4 18 11
4 19 6
4 20 19
4 21 6
4 22 15
4 23 14
4 24 7
4 25 18
5 1 7
5 2 13
5 3 20
5 4 16
5 6 14
5 7 9
5 8 19
5 9 15
5 10 14
5 11 19
5 12 19
5 13 16
5 14 10
5 15 9
5 16 14
5 17 18
5 18 18
5 19 7
5 20 15
5 21 7
5 22 11
5 23 12
5 24 6
5 25 8
6 1 17
6 2 7
6 3 13
6 4 6
6 5 14
6 7 17
6 8 7
6 9 10
6 10 16
6 11 11
6 12 5
6 13 12
6 14 8
6 15 12
6 16 18
6 17 15
6 18 11
6 19 5
6 20 16
6 21 9
6 22 14
6 23 15
6 24 6
6 25 7
7 1 9
7 2 10
7 3 11
7 4 15
7 5 9
7 6 17
7 8 11
7 9 20
7 10 12
7 11 16
7 12 11
7 13 19
7 14 8
7 15 18
7 16 7
7 17 12
7 18 5
7 19 9
7 20 12
7 21 16
7 22 6
7 23 7
7 24 11
7 25 20
8 1 14
8 2 13
8 3 20
8 4 14
8 5 19
8 6 7
8 7 11
8 9 11
8 10 8
8 11 5
8 12 9
8 13 14
8 14 11
8 15 9
8 16 6
8 17 16
8 18 14
8 19 19
8 20 14
8 21 17
8 22 16
8 23 11
8 24 13
8 25 10
9 1 14
9 2 13
9 3 10
9 4 14
9 5 15
9 6 10
9 7 20
9 8 11
9 10 14
9 11 18
9 12 12
9 13 7
9 14 5
9 15 14
9 16 7
9 17 12
9 18 9
9 19 18
9 20 11
9 21 13
9 22 19
9 23 20
9 24 16
9 25 11
10 1 19
10 2 15
10 3 19
10 4 11
10 5 14
10 6 16
10 7 12
10 8 8
10 9 14
10 11 9
10 12 14
10 13 15
10 14 10
10 15 15
10 16 9
10 17 16
10 18 12
10 19 11
10 20 15
10 21 16
10 22 17
10 23 19
10 24 20
10 25 17
11 1 17
11 2 11
11 3 12
11 4 12
11 5 19
11 6 11
11 7 16
11 8 5
11 9 18
11 10 9
11 12 11
11 13 12
11 14 19
11 15 14
11 16 13
11 17 9
11 18 17
11 19 17
11 20 8
11 21 16
11 22 12
11 23 10
11 24 10
11 25 5
12 1 6
12 2 12
12 3 16
12 4 5
12 5 19
12 6 5
12 7 11
12 8 9
12 9 12
12 10 14
12 11 11
12 13 5
12 14 16
12 15 17
12 16 14
12 17 8
12 18 6
12 19 18
12 20 16
12 21 11
12 22 9
12 23 16
12 24 13
12 25 13
13 1 9
13 2 16
13 3 9
13 4 8
13 5 16
13 6 12
13 7 19
13 8 14
13 9 7
13 10 15
13 11 12
13 12 5
13 14 20
13 15 14
13 16 15
13 17 13
13 18 10
13 19 14
13 20 12
13 21 5
13 22 7
13 23 7
13 24 10
13 25 14
14 1 12
14 2 8
14 3 9
14 4 9
14 5 10
14 6 8
14 7 8
14 8 11
14 9 5
14 10 10
14 11 19
14 12 16
14 13 20
14 15 12
14 16 19
14 17 7
14 18 6
14 19 12
14 20 10
14 21 20
14 22 5
14 23 18
14 24 8
14 25 20
15 1 7
15 2 10
15 3 5
15 4 8
15 5 9
15 6 12
15 7 18
15 8 9
15 9 14
15 10 15
15 11 14
15 12 17
15 13 14
15 14 12
15 16 17
15 17 9
15 18 7
15 19 13
15 20 14
15 21 8
15 22 8
15 23 10
15 24 8
15 25 10
16 1 8
16 2 5
16 3 16
16 4 6
16 5 14
16 6 18
16 7 7
16 8 6
16 9 7
16 10 9
16 11 13
16 12 14
16 13 15
16 14 19
16 15 17
16 17 17
16 18 18
16 19 14
16 20 10
16 21 10
16 22 12
16 23 10
16 24 18
16 25 19
17 1 14
17 2 20
17 3 16
17 4 18
17 5 18
17 6 15
17 7 12
17 8 16
17 9 12
17 10 16
17 11 9
17 12 8
17 13 13
17 14 7
17 15 9
17 16 17
17 18 12
17 19 14
17 20 18
17 21 13
17 22 7
17 23 6
17 24 20
17 25 13
18 1 18
18 2 12
18 3 15
18 4 11
18 5 18
18 6 11
18 7 5
18 8 14
18 9 9
18 10 12
18 11 17
18 12 6
18 13 10
18 14 6
18 15 7
18 16 18
18 17 12
18 19 7
18 20 19
18 21 6
18 22 19
18 23 14
18 24 8
18 25 16
19 1 20
19 2 17
19 3 18
19 4 6
19 5 7
19 6 5
19 7 9
19 8 19
19 9 18
19 10 11
19 11 17
19 12 18
19 13 14
19 14 12
19 15 13
19 16 14
19 17 14
19 18 7
19 20 8
19 21 17
19 22 18
19 23 16
19 24 10
19 25 7
20 1 15
20 2 13
20 3 19
20 4 19
20 5 15
20 6 16
20 7 12
20 8 14
20 9 11
20 10 15
20 11 8
20 12 16
20 13 12
20 14 10
20 15 14
20 16 10
20 17 18
20 18 19
20 19 8
20 21 7
20 22 15
20 23 8
20 24 7
20 25 11
21 1 12
21 2 13
21 3 13
21 4 6
21 5 7
21 6 9
21 7 16
21 8 17
21 9 13
21 10 16
21 11 16
21 12 11
21 13 5
21 14 20
21 15 8
21 16 10
21 17 13
21 18 6
21 19 17
21 20 7
21 22 19
21 23 11
21 24 6
21 25 9
22 1 5
22 2 7
22 3 11
22 4 15
22 5 11
22 6 14
22 7 6
22 8 16
22 9 19
22 10 17
22 11 12
22 12 9
22 13 7
22 14 5
22 15 8
22 16 12
22 17 7
22 18 19
22 19 18
22 20 15
22 21 19
22 23 16
22 24 7
22 25 18
23 1 7
23 2 5
23 3 17
23 4 14
23 5 12
23 6 15
23 7 7
23 8 11
23 9 20
23 10 19
23 11 10
23 12 16
23 13 7
23 14 18
23 15 10
23 16 10
23 17 6
23 18 14
23 19 16
23 20 8
23 21 11
23 22 16
23 24 18
23 25 12
24 1 6
24 2 12
24 3 15
24 4 7
24 5 6
24 6 6
24 7 11
24 8 13
24 9 16
24 10 20
24 11 10
24 12 13
24 13 10
24 14 8
24 15 8
24 16 18
24 17 20
24 18 8
24 19 10
24 20 7
24 21 6
24 22 7
24 23 18
24 25 11
25 1 11
25 2 16
25 3 8
25 4 18
25 5 8
25 6 7
25 7 20
25 8 10
25 9 11
25 10 17
25 11 5
25 12 13
25 13 14
25 14 20
25 15 10
25 16 19
25 17 13
25 18 16
25 19 7
25 20 11
25 21 9
25 22 18
25 23 12
25 24 11