1 2 19
1 3 17
1 4 6
1 5 16
1 6 18
1 7 13
1 8 15
1 9 16
1 10 11
2 1 19
2 3 10
2 4 18
2 5 15
2 6 11
2 7 16
2 8 18
2 9 15
2 10 7
3 1 17
3 2 10
3 4 8
3 5 6
3 6 6
3 7 13
3 8 14
3 9 6
3 10 7
4 1 6
4 2 18
4 3 8
4 5 8
4 6 14
4 7 19
4 8 6
4 9 16
4 10 8
5 1 16
5 2 15
5 3 6
5 4 8
5 6 13
5 7 10
5 8 16
5 9 9
5 10 12
6 1 18
6 2 11
6 3 6
6 4 14
6 5 13
6 7 16
6 8 18
6 9 10
6 10 18
7 1 13
7 2 16
7 3 13
7 4 19
7 5 10
7 6 16
7 8 9
7 9 8
7 10 19
8 1 15
8 2 18
8 3 14
8 4 6
8 5 16
8 6 18
8 7 9
8 9 19
8 10 16
9 1 16
9 2 15
9 3 6
9 4 16
9 5 9
9 6 10
9 7 8
9 8 19
9 10 9
10 1 11
10 2 7
10 3 7
10 4 8
10 5 12
10 6 18
10 7 19
10 8 16
10 9 9