1 2 11
1 3 11
1 4 13
1 5 9
1 6 8
1 7 14
1 8 12
1 9 5
1 10 19
1 11 19
1 12 12
1 13 14
1 14 6
1 15 15
2 1 11
2 3 10
2 4 5
2 5 5
2 6 14
2 7 20
2 8 19
2 9 6
2 10 7
2 11 6
2 12 16
2 13 8
2 14 14
2 15 17
3 1 11
3 2 10
3 4 18
3 5 16
3 6 7
3 7 11
3 8 15
3 9 6
3 10 18
3 11 19
3 12 17
3 13 19
3 14 11
3 15 6
4 1 13
4 2 5
4 3 18
4 5 9
4 6 18
4 7 10
4 8 13
4 9 11
4 10 9
4 11 8
4 12 11
4 13 7
4 14 5
4 15 11
5 1 9
5 2 5
5 3 16
5 4 9
5 6 18
5 7 18
5 8 14
5 9 6
5 10 11
5 11 9
5 12 16
5 13 8
5 14 17
5 15 12
6 1 8
6 2 14
6 3 7
6 4 18
6 5 18
6 7 6
6 8 18
6 9 18
6 10 15
6 11 11
6 12 5
6 13 20
6 14 20
6 15 18
7 1 14
7 2 20
7 3 11
7 4 10
7 5 18
7 6 6
7 8 13
7 9 8
7 10 8
7 11 17
7 12 8
7 13 6
7 14 11
7 15 14
8 1 12
8 2 19
8 3 15
8 4 13
8 5 14
8 6 18
8 7 13
8 9 16
8 10 9
8 11 5
8 12 14
8 13 18
8 14 8
8 15 9
9 1 5
9 2 6
9 3 6
9 4 11
9 5 6
9 6 18
9 7 8
9 8 16
9 10 6
9 11 8
9 12 20
9 13 20
9 14 6
9 15 18
10 1 19
10 2 7
10 3 18
10 4 9
10 5 11
10 6 15
10 7 8
10 8 9
10 9 6
10 11 10
10 12 14
10 13 17
10 14 7
10 15 17
11 1 19
11 2 6
11 3 19
11 4 8
11 5 9
11 6 11
11 7 17
11 8 5
11 9 8
11 10 10
11 12 14
11 13 15
11 14 11
11 15 20
12 1 12
12 2 16
12 3 17
12 4 11
12 5 16
12 6 5
12 7 8
12 8 14
12 9 20
12 10 14
12 11 14
12 13 5
12 14 18
12 15 11
13 1 14
13 2 8
13 3 19
13 4 7
13 5 8
13 6 20
13 7 6
13 8 18
13 9 20
13 10 17
13 11 15
13 12 5
13 14 10
13 15 7
14 1 6
14 2 14
14 3 11
14 4 5
14 5 17
14 6 20
14 7 11
14 8 8
14 9 6
14 10 7
14 11 11
14 12 18
14 13 10
14 15 9
15 1 15
15 2 17
15 3 6
15 4 11
15 5 12
15 6 18
15 7 14
15 8 9
15 9 18
15 10 17
15 11 20
15 12 11
15 13 7
15 14 9