1 2 20
1 3 12
1 4 19
1 5 19
1 6 9
1 7 9
1 8 11
1 9 20
1 10 20
1 11 7
1 12 19
2 1 20
2 3 18
2 4 20
2 5 10
2 6 5
2 7 11
2 8 15
2 9 14
2 10 7
2 11 19
2 12 20
3 1 12
3 2 18
3 4 20
3 5 14
3 6 16
3 7 16
3 8 17
3 9 17
3 10 9
3 11 12
3 12 10
4 1 19
4 2 20
4 3 20
4 5 18
4 6 9
4 7 5
4 8 19
4 9 13
4 10 12
4 11 20
4 12 7
5 1 19
5 2 10
5 3 14
5 4 18
5 6 8
5 7 11
5 8 9
5 9 10
5 10 14
5 11 9
5 12 10
6 1 9
6 2 5
6 3 16
6 4 9
6 5 8
6 7 7
6 8 15
6 9 7
6 10 12
6 11 14
6 12 7
7 1 9
7 2 11
7 3 16
7 4 5
7 5 11
7 6 7
7 8 13
7 9 9
7 10 18
7 11 13
7 12 8
8 1 11
8 2 15
8 3 17
8 4 19
8 5 9
8 6 15
8 7 13
8 9 6
8 10 16
8 11 15
8 12 12
9 1 20
9 2 14
9 3 17
9 4 13
9 5 10
9 6 7
9 7 9
9 8 6
9 10 5
9 11 11
9 12 8
10 1 20
10 2 7
10 3 9
10 4 12
10 5 14
10 6 12
10 7 18
10 8 16
10 9 5
10 11 15
10 12 6
11 1 7
11 2 19
11 3 12
11 4 20
11 5 9
11 6 14
11 7 13
11 8 15
11 9 11
11 10 15
11 12 7
12 1 19
12 2 20
12 3 10
12 4 7
12 5 10
12 6 7
12 7 8
12 8 12
12 9 8
12 10 6
12 11 7