1 2 13
1 3 16
1 4 15
1 5 13
1 6 14
1 7 15
1 8 8
1 9 13
1 10 16
2 1 13
2 3 7
2 4 7
2 5 17
2 6 9
2 7 12
2 8 10
2 9 14
2 10 12
3 1 16
3 2 7
3 4 11
3 5 7
3 6 16
3 7 17
3 8 19
3 9 11
3 10 11
4 1 15
4 2 7
4 3 11
4 5 5
4 6 18
4 7 8
4 8 5
4 9 13
4 10 17
5 1 13
5 2 17
5 3 7
5 4 5
5 6 17
5 7 15
5 8 8
5 9 6
5 10 15
6 1 14
6 2 9
6 3 16
6 4 18
6 5 17
6 7 15
6 8 6
6 9 9
6 10 11
7 1 15
7 2 12
7 3 17
7 4 8
7 5 15
7 6 15
7 8 12
7 9 10
7 10 15
8 1 8
8 2 10
8 3 19
8 4 5
8 5 8
8 6 6
8 7 12
8 9 20
8 10 10
9 1 13
9 2 14
9 3 11
9 4 13
9 5 6
9 6 9
9 7 10
9 8 20
9 10 17
10 1 16
10 2 12
10 3 11
10 4 17
10 5 15
10 6 11
10 7 15
10 8 10
10 9 17