0 7 12 6 11 10 18 20 12 13 19 14 20 5 15 18 20 5 15 7
7 0 7 19 11 11 6 7 19 8 20 8 8 15 15 11 6 13 5 6
12 7 0 20 5 18 19 10 8 11 8 11 14 7 7 6 7 11 13 12
6 19 20 0 6 9 8 7 11 20 6 20 16 6 16 18 18 9 8 16
11 11 5 6 0 10 10 15 6 18 10 8 6 18 10 6 7 9 8 19
10 11 18 9 10 0 12 16 16 6 10 20 5 15 5 16 16 13 19 5
18 6 19 8 10 12 0 18 20 15 18 15 19 12 12 10 12 14 10 6
20 7 10 7 15 16 18 0 10 16 12 10 15 12 13 18 8 8 6 19
12 19 8 11 6 16 20 10 0 12 17 20 14 16 14 12 10 8 19 17
13 8 11 20 18 6 15 16 12 0 18 19 16 7 8 19 17 15 18 19
19 20 8 6 10 10 18 12 17 18 0 17 17 14 14 14 7 12 8 19
14 8 11 20 8 20 15 10 20 19 17 0 19 12 9 15 19 18 17 12
20 8 14 16 6 5 19 15 14 16 17 19 0 5 19 18 17 11 6 16
5 15 7 6 18 15 12 12 16 7 14 12 5 0 7 19 9 11 8 7
15 15 7 16 10 5 12 13 14 8 14 9 19 7 0 19 17 10 9 6
18 11 6 18 6 16 10 18 12 19 14 15 18 19 19 0 13 10 7 8
20 6 7 18 7 16 12 8 10 17 7 19 17 9 17 13 0 10 6 16
5 13 11 9 9 13 14 8 8 15 12 18 11 11 10 10 10 0 5 10
15 5 13 8 8 19 10 6 19 18 8 17 6 8 9 7 6 5 0 12
7 6 12 16 19 5 6 19 17 19 19 12 16 7 6 8 16 10 12 0