0 11 11 13 9 8 14 12 5 19 19 12 14 6 15
11 0 10 5 5 14 20 19 6 7 6 16 8 14 17
11 10 0 18 16 7 11 15 6 18 19 17 19 11 6
13 5 18 0 9 18 10 13 11 9 8 11 7 5 11
9 5 16 9 0 18 18 14 6 11 9 16 8 17 12
8 14 7 18 18 0 6 18 18 15 11 5 20 20 18
14 20 11 10 18 6 0 13 8 8 17 8 6 11 14
12 19 15 13 14 18 13 0 16 9 5 14 18 8 9
5 6 6 11 6 18 8 16 0 6 8 20 20 6 18
19 7 18 9 11 15 8 9 6 0 10 14 17 7 17
19 6 19 8 9 11 17 5 8 10 0 14 15 11 20
12 16 17 11 16 5 8 14 20 14 14 0 5 18 11
14 8 19 7 8 20 6 18 20 17 15 5 0 10 7
6 14 11 5 17 20 11 8 6 7 11 18 10 0 9
15 17 6 11 12 18 14 9 18 17 20 11 7 9 0