0 16 15 15 7 17 9 14 14 19 17 6 9 12 7 8 14 18 20 15 12 5 7 6 11
16 0 9 7 13 7 10 13 13 15 11 12 16 8 10 5 20 12 17 13 13 7 5 12 16
15 9 0 7 20 13 11 20 10 19 12 16 9 9 5 16 16 15 18 19 13 11 17 15 8
15 7 7 0 16 6 15 14 14 11 12 5 8 9 8 6 18 11 6 19 6 15 14 7 18
7 13 20 16 0 14 9 19 15 14 19 19 16 10 9 14 18 18 7 15 7 11 12 6 8
17 7 13 6 14 0 17 7 10 16 11 5 12 8 12 18 15 11 5 16 9 14 15 6 7
9 10 11 15 9 17 0 11 20 12 16 11 19 8 18 7 12 5 9 12 16 6 7 11 20
14 13 20 14 19 7 11 0 11 8 5 9 14 11 9 6 16 14 19 14 17 16 11 13 10
14 13 10 14 15 10 20 11 0 14 18 12 7 5 14 7 12 9 18 11 13 19 20 16 11
19 15 19 11 14 16 12 8 14 0 9 14 15 10 15 9 16 12 11 15 16 17 19 20 17
17 11 12 12 19 11 16 5 18 9 0 11 12 19 14 13 9 17 17 8 16 12 10 10 5
6 12 16 5 19 5 11 9 12 14 11 0 5 16 17 14 8 6 18 16 11 9 16 13 13
9 16 9 8 16 12 19 14 7 15 12 5 0 20 14 15 13 10 14 12 5 7 7 10 14
12 8 9 9 10 8 8 11 5 10 19 16 20 0 12 19 7 6 12 10 20 5 18 8 20
7 10 5 8 9 12 18 9 14 15 14 17 14 12 0 17 9 7 13 14 8 8 10 8 10
8 5 16 6 14 18 7 6 7 9 13 14 15 19 17 0 17 18 14 10 10 12 10 18 19
14 20 16 18 18 15 12 16 12 16 9 8 13 7 9 17 0 12 14 18 13 7 6 20 13
18 12 15 11 18 11 5 14 9 12 17 6 10 6 7 18 12 0 7 19 6 19 14 8 16
20 17 18 6 7 5 9 19 18 11 17 18 14 12 13 14 14 7 0 8 17 18 16 10 7
15 13 19 19 15 16 12 14 11 15 8 16 12 10 14 10 18 19 8 0 7 15 8 7 11
12 13 13 6 7 9 16 17 13 16 16 11 5 20 8 10 13 6 17 7 0 19 11 6 9
5 7 11 15 11 14 6 16 19 17 12 9 7 5 8 12 7 19 18 15 19 0 16 7 18
7 5 17 14 12 15 7 11 20 19 10 16 7 18 10 10 6 14 16 8 11 16 0 18 12
6 12 15 7 6 6 11 13 16 20 10 13 10 8 8 18 20 8 10 7 6 7 18 0 11
11 16 8 18 8 7 20 10 11 17 5 13 14 20 10 19 13 16 7 11 9 18 12 11 0